[header]
width=34
height=19
tilewidth=64
tileheight=64

[tilesets]
tileset=atlas.png,64,64,0,0

[layer]
type=Background
data=
52,52,53,53,53,53,53,53,53,53,53,53,53,53,53,53,53,53,53,53,53,53,53,53,53,53,53,53,53,53,53,53,53,81,
68,69,69,69,69,69,69,69,69,69,69,69,69,69,69,69,69,69,69,69,69,69,69,69,69,69,69,69,69,69,69,69,69,81,
81,81,81,81,52,53,53,53,53,54,81,52,53,53,53,53,54,81,52,53,53,54,81,52,53,53,53,53,53,53,53,54,81,81,
81,81,81,81,68,69,69,69,69,70,81,68,69,69,69,69,70,81,68,69,69,55,81,68,69,69,69,69,69,69,69,70,81,81,
81,81,81,81,81,81,81,81,81,81,81,81,81,81,81,81,81,81,81,81,81,71,81,81,55,81,81,81,81,81,81,81,81,81,
81,81,81,81,52,53,53,53,53,54,81,81,81,81,81,81,81,81,81,81,52,54,81,81,71,81,81,81,81,81,81,81,81,81,
81,81,81,81,68,69,55,69,69,70,81,81,81,55,81,81,81,81,81,81,68,70,53,53,53,53,53,53,54,81,52,54,81,81,
81,81,81,81,81,81,71,81,81,81,81,81,81,71,81,81,81,81,52,54,81,68,69,69,69,69,69,69,70,81,68,70,81,81,
81,81,52,53,53,54,81,52,53,53,53,53,53,54,81,55,81,81,68,52,53,53,53,53,54,81,81,81,52,54,81,81,81,81,
81,81,68,69,69,70,81,68,69,69,69,69,69,70,81,71,81,81,81,68,69,69,69,69,70,81,81,81,68,70,81,81,81,81,
81,81,52,53,53,53,53,53,53,53,81,81,81,53,53,81,81,81,81,81,81,81,81,81,81,52,53,53,53,54,81,81,81,81,
81,81,68,69,69,69,69,69,69,69,81,81,81,69,69,52,81,81,81,54,81,81,81,81,81,68,69,69,69,70,81,81,81,81,
81,81,81,81,81,81,81,81,81,81,81,81,55,81,81,68,55,81,81,70,81,81,81,81,81,81,81,81,81,81,81,81,81,81,
81,81,81,81,81,81,81,81,81,81,55,81,71,81,81,81,71,81,81,81,52,54,81,52,54,81,81,81,81,81,81,81,81,81,
81,81,81,81,52,53,53,53,54,81,71,81,52,53,53,54,81,52,54,81,68,70,81,68,72,81,52,53,53,54,81,81,81,81,
81,81,81,81,68,69,69,69,70,81,81,81,68,69,69,70,81,68,70,81,81,81,81,81,71,81,68,69,69,70,81,81,81,81,
81,81,52,53,53,53,54,81,55,81,52,53,53,53,53,53,53,53,53,53,54,81,52,53,54,81,52,53,53,53,53,54,81,81,
81,81,68,69,69,69,70,81,71,81,68,69,69,69,69,69,69,69,69,69,70,81,68,69,70,81,68,69,69,69,69,70,81,81,
81,81,81,81,81,81,81,81,81,81,81,81,81,81,81,81,81,81,81,81,81,81,81,81,81,81,81,81,81,81,81,81,81,81

[layer]
type=Main
data=
34,50,50,50,50,50,50,50,50,50,50,2,66,50,50,50,2,50,50,50,50,50,50,50,50,50,50,50,50,50,50,50,50,20,
33,89,0,0,0,0,0,0,0,0,0,33,73,0,0,5,33,0,0,0,0,0,0,0,0,0,0,0,0,0,0,0,89,33,
33,0,17,0,1,50,50,50,50,20,0,49,50,2,50,50,51,0,34,50,66,20,0,1,2,50,50,50,66,50,50,20,0,33,
33,0,33,0,0,0,40,0,0,33,0,0,0,33,0,0,0,0,33,0,73,18,0,0,33,0,0,0,73,0,5,33,0,33,
33,0,33,0,17,0,0,0,0,33,0,17,0,33,0,17,0,0,33,0,0,0,0,0,18,0,17,0,40,0,0,33,0,33,
33,0,33,0,49,66,2,50,50,51,0,33,0,33,0,49,20,0,33,0,1,20,0,0,0,0,33,0,0,0,0,33,0,33,
33,0,33,0,0,73,18,0,0,0,0,33,0,18,0,40,33,0,33,0,0,49,50,50,50,50,19,50,3,0,1,51,0,33,
33,0,33,37,38,0,0,0,17,37,38,33,0,0,0,34,51,0,49,20,0,0,0,0,0,0,33,0,0,0,0,0,0,33,
33,0,49,50,50,3,0,1,35,50,50,35,50,20,0,18,90,0,90,49,50,50,50,2,3,0,33,0,1,3,0,17,0,33,
33,0,0,0,0,0,0,0,0,0,0,0,0,33,0,0,0,0,0,0,0,0,0,33,0,0,33,0,0,0,0,33,0,33,
33,0,34,50,50,50,50,50,50,50,20,0,34,35,50,20,90,0,90,17,0,17,0,33,0,1,19,50,50,3,0,33,0,33,
33,0,33,0,0,0,0,0,0,0,33,0,33,0,0,49,20,0,34,51,0,33,0,33,0,5,33,0,0,0,0,33,0,33,
33,0,33,0,17,0,37,38,0,0,33,0,18,0,0,0,18,0,33,0,0,33,0,33,0,0,33,0,37,38,0,33,0,33,
33,0,33,0,33,0,0,0,5,0,18,0,0,0,17,0,0,0,33,0,34,51,0,49,20,0,33,0,0,0,0,33,0,33,
33,0,33,0,49,50,50,50,20,0,0,0,1,66,19,3,0,1,51,0,33,0,0,0,18,0,49,66,50,3,0,33,0,33,
33,0,33,0,0,0,0,0,33,0,17,0,0,73,19,0,0,0,0,0,33,0,17,0,0,0,0,73,0,0,0,33,0,33,
33,0,49,50,50,50,3,0,18,0,49,50,50,50,35,50,50,50,50,50,51,0,49,50,3,0,1,50,50,50,50,51,0,33,
33,89,0,0,0,0,0,0,0,0,0,0,0,0,0,0,0,0,0,0,0,0,0,0,0,0,0,0,0,0,0,0,89,33,
49,50,50,50,50,50,50,50,50,50,50,50,50,50,50,50,50,50,50,50,50,50,50,50,50,50,50,50,50,50,50,50,50,51

[layer]
type=Extra
data=
0,0,0,0,0,0,0,0,0,0,0,0,0,0,99,0,0,0,0,97,0,0,0,0,0,0,0,87,0,0,0,0,0,0,
0,0,0,0,0,0,0,0,0,0,0,0,0,0,115,0,0,0,0,113,0,0,0,0,0,0,0,0,0,0,0,0,0,0,
0,0,0,0,0,0,0,0,0,0,0,0,0,0,0,0,0,0,0,0,0,0,0,0,0,0,0,0,0,0,0,0,0,0,
0,0,0,0,0,0,0,98,0,0,0,0,0,0,0,0,82,0,0,0,0,0,0,0,0,0,0,0,0,0,97,0,0,0,
0,0,0,0,0,0,0,114,0,0,0,0,0,0,0,0,0,0,0,0,0,0,98,0,0,0,0,0,83,0,113,0,0,0,
87,0,0,0,0,0,0,0,0,0,0,0,0,0,0,0,0,0,0,0,0,0,114,0,0,0,0,0,0,0,0,0,0,0,
0,0,0,0,0,0,0,0,0,0,0,0,100,0,0,0,0,0,0,0,0,0,0,0,0,0,0,0,0,0,0,0,0,0,
0,0,0,0,0,0,0,0,0,0,0,0,116,0,0,0,0,0,0,0,0,0,0,0,0,0,0,0,0,0,0,0,0,0,
0,0,0,0,0,0,0,0,0,0,0,0,0,0,0,0,0,0,0,0,0,0,0,0,0,0,0,97,0,99,0,0,0,0,
0,0,0,82,0,0,0,0,0,0,0,0,0,0,0,0,0,84,85,0,0,0,0,0,0,0,0,113,0,115,0,0,0,0,
0,0,0,0,97,102,0,0,0,0,0,0,0,0,0,0,0,0,0,102,0,0,98,0,0,0,0,0,0,0,0,0,0,102,
0,0,0,0,113,114,0,0,0,0,0,0,0,0,0,0,0,0,0,0,0,0,114,0,0,0,0,0,0,0,0,0,0,0,
0,0,0,0,0,0,0,0,0,0,0,0,100,0,0,0,0,0,0,0,0,0,0,0,0,0,0,0,97,98,0,0,0,0,
102,0,0,0,0,0,0,83,86,0,0,0,116,0,0,84,0,0,0,0,0,0,0,0,0,0,0,0,113,114,0,0,0,0,
0,0,0,0,0,99,0,0,0,0,0,0,0,0,0,0,0,0,0,0,0,99,0,0,0,0,0,0,99,0,0,0,0,0,
0,0,0,0,0,115,0,0,0,0,0,0,0,0,0,0,0,0,0,0,0,115,0,0,0,0,0,0,115,0,0,0,0,0,
0,0,0,0,0,0,0,0,0,0,0,0,0,0,0,0,0,0,0,0,0,0,0,0,0,0,0,0,0,0,0,0,0,0,
0,0,0,0,0,0,0,0,0,0,0,0,84,0,0,0,0,0,0,0,0,0,0,0,82,0,0,0,0,0,0,0,0,0,
0,0,0,0,0,0,0,0,0,0,0,0,0,0,0,0,0,0,0,0,87,0,0,0,0,0,0,0,0,0,0,0,0,0

[layer]
type=Foreground
data=
0,0,0,0,0,0,0,0,0,0,0,0,0,0,0,0,0,0,0,0,0,0,0,0,0,0,0,0,0,0,0,0,0,0,
0,0,0,0,0,7,8,9,0,0,0,0,0,0,0,0,0,0,0,0,0,0,0,0,0,0,0,0,0,0,0,0,0,0,
0,0,0,0,0,23,24,25,0,0,0,0,0,0,0,0,0,0,0,0,0,0,0,0,0,0,0,7,8,9,0,0,0,0,
0,0,0,0,0,0,0,0,0,0,0,0,0,0,0,0,0,0,0,0,0,0,0,0,0,0,0,23,24,25,0,0,0,0,
0,0,0,0,0,0,0,0,0,0,0,0,0,0,7,8,9,0,0,0,0,0,0,0,0,0,0,0,0,0,0,0,0,0,
0,0,0,0,0,0,0,0,0,0,0,0,0,0,23,24,25,0,0,0,0,0,0,0,0,0,0,0,0,0,0,0,0,0,
0,0,0,21,22,0,0,0,0,21,22,0,0,0,0,0,0,0,0,0,0,0,0,0,0,0,0,0,0,0,0,0,0,0,
0,0,0,0,0,0,0,0,0,0,0,0,0,0,0,0,0,0,0,0,0,0,0,0,0,0,0,0,0,0,0,0,0,0,
0,0,0,0,0,0,0,0,0,0,0,0,0,0,0,0,0,0,0,0,0,0,0,0,0,0,0,0,0,0,0,0,0,0,
0,0,0,0,0,0,0,0,0,0,0,0,0,0,0,0,0,0,0,0,0,0,0,0,0,0,0,0,0,0,0,0,0,0,
0,0,0,0,0,0,0,0,0,0,0,0,0,0,0,0,0,0,0,0,0,0,0,0,0,0,0,0,0,0,0,0,0,0,
0,0,0,0,0,0,21,22,0,0,0,0,0,0,0,0,0,0,0,0,0,0,0,0,0,0,0,0,21,22,0,0,0,0,
0,0,0,0,0,0,0,0,0,0,0,0,0,0,0,0,0,0,0,0,0,0,0,0,0,0,0,0,0,0,0,0,0,0,
0,0,0,0,0,0,0,0,0,0,0,0,0,0,0,0,0,0,0,0,0,0,0,0,0,0,0,0,0,0,0,0,0,0,
0,0,0,0,0,0,0,0,0,0,0,0,0,0,0,0,0,0,0,0,0,0,0,0,0,0,0,0,0,0,0,0,0,0,
0,0,0,0,0,0,0,0,0,0,0,0,0,0,0,0,0,0,0,0,0,0,0,0,0,0,0,0,0,0,0,0,0,0,
0,0,0,0,0,0,0,0,0,0,0,0,0,0,0,0,0,0,0,0,0,0,0,0,0,0,0,0,0,0,0,0,0,0,
0,0,0,0,0,0,0,0,0,0,0,0,0,0,0,0,0,0,0,0,0,0,0,0,0,0,0,0,0,0,0,0,0,0,
0,0,0,0,0,0,0,0,0,0,0,0,0,0,0,0,0,0,0,0,0,0,0,0,0,0,0,0,0,0,0,0,0,0

